;zcrAvg;changeSign;energyValue;rmseValue;centAvg;mfcc1;mfcc2;mfcc3;mfcc4;mfcc5;mfcc6;mfcc7;mfcc8;mfcc9;mfcc10;mfcc11;mfcc12;mfcc13;mfcc14;mfcc15;mfcc16;mfcc17;mfcc18;mfcc19;mfcc20;mfcc21;mfcc22;mfcc23;mfcc24;mfcc25;mfcc26;mfcc27;mfcc28;mfcc29;mfcc30;mfcc31;mfcc32;mfcc33;mfcc34;mfcc35;mfcc36;mfcc37;mfcc38;mfcc39;mfcc40;rolloff;mfcc_delta1;mfcc_delta2;mfcc_delta3;mfcc_delta4;mfcc_delta5;mfcc_delta6;mfcc_delta7;mfcc_delta8;mfcc_delta9;mfcc_delta10;mfcc_delta11;mfcc_delta12;mfcc_delta13;mfcc_delta14;mfcc_delta15;mfcc_delta16;mfcc_delta17;mfcc_delta18;mfcc_delta19;mfcc_delta20;mfcc_delta21;mfcc_delta22;mfcc_delta23;mfcc_delta24;mfcc_delta25;mfcc_delta26;mfcc_delta27;mfcc_delta28;mfcc_delta29;mfcc_delta30;mfcc_delta31;mfcc_delta32;mfcc_delta33;mfcc_delta34;mfcc_delta35;mfcc_delta36;mfcc_delta37;mfcc_delta38;mfcc_delta39;mfcc_delta40;chroma_stft1;chroma_stft2;chroma_stft3;chroma_stft4;chroma_stft5;chroma_stft6;chroma_stft7;chroma_stft8;chroma_stft9;chroma_stft10;chroma_stft11;chroma_stft12;spectral_flux;spectral_bandwidth_2;spectral_bandwidth_3;spectral_bandwidth_4
zcrAvg;1.0;0.9357516669997261;0.015639504961606335;0.07762355258906127;0.8246558061602369;0.5484826928726451;-0.600742121386788;-0.2713807030492193;0.1890256439096817;-0.30445849081052084;0.16468440221479266;-0.3056762136899282;0.08976844897615086;-0.2508195935091291;0.044811872379886805;-0.21465164231538575;-0.01813700725519053;-0.20289109761075927;0.0273016495469724;-0.19279775677189498;-0.04947145305516079;-0.10104979903895057;-0.06968710820578669;-0.15726490683299252;0.03475507094668153;-0.12732050448020824;0.02349717551511555;-0.07487889437911387;-0.017502571832515485;-0.04545593649245034;-0.013086248508099212;-0.07406125526473088;0.01964672224291629;-0.12810846621768254;0.03570194152877864;-0.09143877709306715;0.08495606261018729;-0.15309822647540666;0.09877719976988894;-0.14795480102792463;0.0928814652951412;-0.09353756150148652;0.030945216542330605;-0.11521910702370254;0.10343083563288438;0.7165099536614881;0.022136427266117323;0.011570926938162083;0.006383033425859221;0.02605100735397994;0.0061135011670637365;0.03738646321971819;-0.004406883606334219;0.008234643615681847;0.008559639680020926;-0.00830163557867109;-0.0208602684108424;-0.006353690442781687;0.006696174236939017;-0.010637061398371202;-0.01852638576896715;-0.026965933334870774;-0.00685910984953279;0.00907069715900391;0.008401845462566036;0.017595602533760676;0.00863734173927888;-0.0017020977292601985;0.0011974474467221741;0.009652220701106688;0.007721039488769667;-0.004966552685310673;-0.009664106207003208;-0.0076547043719372475;-0.0034513431135663112;-0.01771463620806466;-0.010288461392134773;0.00415038608062268;-0.014330719792185807;-0.011403579270701339;0.008518538091542915;-0.000915428712770854;-0.008251986807558289;0.002435827981507858;-0.004709488702280909;0.006569698677327599;-0.00693990397109344;-0.0206290705180359;-0.03581456689174205;-0.03623660935217466;-0.021369080800629794;-0.01054168512537197;0.011052010035486908;-0.029073718685066398;-0.04200524323002001;-0.017157991062979796;0.024481064598645894;0.010564135501636875;0.17368846044863234;0.4338844396294941;0.25093922426745763;0.08452051436589174
changeSign;0.9357516669997261;1.0;0.03909678433685665;0.048291492674122846;0.7558214179827663;0.5264647138054197;-0.5411067141892311;-0.267510169786153;0.19335378093905384;-0.2904432368377287;0.16469348830301403;-0.26349168465578127;0.10257185544189375;-0.22878079453977246;0.04780341409950958;-0.177174555875865;-0.02439585997445752;-0.175874379716485;0.04302703744722745;-0.19333372462948367;-0.044658371742469435;-0.10795665458874783;-0.06121048748388865;-0.16506186066185696;0.011478670194660581;-0.142164153139944;0.0029550865558310613;-0.08265023760405592;-0.028167069152943668;-0.03865093538865177;-0.025008392587404168;-0.0663361932905263;0.007364607370016419;-0.14060122369836484;0.03791927289654638;-0.07725286281291804;0.07639545714612545;-0.14482928359063135;0.05137124828681103;-0.17148563322357438;0.10752520267652614;-0.08700885049680322;0.03325964352445564;-0.14964707919737705;0.05750230995085829;0.6597569079062927;0.047676707954652765;-0.020221701124534038;0.014216372057335643;0.04313573145203021;0.010013835939189083;0.04343575889297652;-0.034776264862767046;-0.01687443762114412;-0.03655061328592959;-0.02528751964304607;-0.03529580737730452;-0.028660165201877315;-0.028934460862672692;-0.03547795854792049;-0.03431474652061416;-0.038990096272313986;-0.03456907815692455;0.0014014106476651805;0.01800044272572652;0.017686832079173872;-0.003945635965664876;0.002718649727433849;0.0028398918379642837;0.0035093575942233223;-0.007981927775831944;-0.0025947170080058506;-0.013284298423273297;-0.0039531937003034435;-0.017491616690429868;0.0002735864934897385;0.004327786863468757;0.003990354959547994;0.000645415706901368;0.005648285844598322;0.00731630547876281;0.0008625540269367594;-0.013386987703424372;-0.02487978027669628;-0.025335469094666135;-0.014547825352934928;-0.01382358316871528;-0.012997479619482433;-0.02031480717777409;-0.03550633227672029;-0.018437168627053312;-0.0020785422091697133;0.015450343271023959;-0.030139096119112075;-0.0538576883242562;-0.023572810056971344;0.01621385364694741;0.00618744145006821;0.12316014795854816;0.394848536574563;0.22435008762814362;0.07008919618843347
energyValue;0.015639504961606335;0.03909678433685665;1.0;0.8118045778176374;-0.059989144527270014;0.3955996397054144;0.06153788082008779;-0.09166599929356063;0.010626788173517523;-0.012410848273443164;-0.13571527828340685;0.10485368155332092;-0.1336003653900733;-0.03096716863178479;-0.03282043561113486;-0.13393533109772388;-0.013954616196372236;0.06418282704454573;-0.1440460502277182;0.02197197660405464;-0.05104401628075844;0.0019644297344369125;0.011379647361039233;-0.07209670428414636;0.03565106654810938;0.03947649139559692;-0.03971195242449395;-0.0005282238624209289;-0.05073878438510104;0.022294389459762653;-0.024757114397747096;-0.10926149776932434;-0.04136410375458726;-0.00471286334201791;-0.07294231302530595;0.06292234745013954;-0.10180160694370044;0.022186256912886004;-0.049138395412853045;0.007483709257069117;0.013862931306922606;-0.06102086625672742;-0.09766819383437686;0.018914908271012533;-0.03754829124369903;-0.05743589727526103;0.014740463777602209;-0.01082212666895298;0.009708498472371603;0.007469014712639468;0.0007325532986373461;0.008195570083074638;-0.008217203998087026;-0.018198266566754277;-0.01110995052340154;-0.00812828137479807;-0.013758881234767218;-0.018856605287816314;-0.008328451874934976;-0.018050262167596434;-0.01957606146650666;-0.01831257408042575;-0.017480466472916158;-0.0028115210891201826;0.0066494896515326375;0.003725892006891295;0.0022796700450288866;0.007977680414487829;0.0022995751620229353;-0.005556056696675388;-0.00923253873529355;-0.001447724058489093;-0.007417638815225856;-0.000675463883905501;-0.011517032859983949;-0.0005563377165240567;0.005679499655742225;-0.00040124366865232244;0.006755474024653522;-0.002082723976942651;0.00014866907942696564;0.0036598009278383374;0.007750016762965927;-0.006225185877004108;-0.011434816178953628;-0.012445553649838959;-0.06516221819879124;-0.05498462414822081;-0.059526784116222135;-0.07776937894936035;-0.06413687161318984;-0.01173930537657602;0.040359280158709196;0.024956489666976688;-0.04126141893960354;-0.07501678155510931;-0.07659820067094773;-0.050455761122262875;0.15020023766532595;-0.125585020700023;-0.15372039547447935;-0.16319869432880307
rmseValue;0.07762355258906127;0.048291492674122846;0.8118045778176374;1.0;-0.04726824635472085;0.5661509394651436;0.00025872767821772416;-0.14674987871501483;-0.02872716437808287;-0.10279956435299281;-0.1377288492691676;0.013605319747778488;-0.13599247530173958;-0.002881613089764986;-0.09307679339391522;-0.10339574794851546;-0.029718752719142358;0.03961765424043177;-0.13918474901283748;0.02354788968183008;-0.0783156730313213;0.026547464653718378;0.019143733217257448;0.00666488492050371;0.05568986591392764;0.07269822953982732;0.04080253511353684;0.017464327577904434;-0.003940300260216711;0.04498047723605159;-0.053203371835837135;-0.08057429525052728;-0.055065388908424114;0.02333214417601536;-0.047637296211681765;0.08964657452771022;-0.09075121488939254;0.08547358781131165;0.013387533273836608;0.07041898709559458;0.027321109845933344;-0.04504254145592651;-0.07388789097617991;0.10335825790069492;0.04075030161728051;-0.04841899236524851;-0.055906811830715115;0.003012497345949378;-0.05786314756751905;-0.045568682033007464;-0.04803390586884896;-0.08923236206135367;0.043927877557521186;-0.03745593220516602;0.031401774687677346;-0.0017214032970196433;0.034911611574619715;0.005746689141523836;0.019797664882851097;0.036286155876992666;0.008947145092047725;0.018908648305625133;0.01190389844804001;0.01528775413469736;0.0031000982077638408;-0.0059606135985849395;0.003015948050345434;-0.01366258673743114;0.0018654174043651521;-0.024485750285657516;-0.015874493988857194;0.006154547368938914;0.0005223538992243428;-0.005414513994073342;0.018975051112672833;0.00831814119141252;0.005494485647563605;-0.0026274161147886227;0.019150497543597135;-0.005943167806492745;-0.016413202253899643;0.01586164010469545;0.039881498751952446;0.04155709247680055;0.031615964991724706;0.008184237153741308;-0.059181304407262596;-0.070242176845288;-0.07512837714666706;-0.07286096836531498;-0.07152648984811763;-0.03213557488447982;0.023797895058129293;0.02695579465344479;-0.0074351851300620865;-0.05603340571435652;-0.05588068134970165;-0.030232810830143852;0.15151466489398976;-0.16132249262308124;-0.21631093978900742;-0.24682196212806676
centAvg;0.8246558061602369;0.7558214179827663;-0.059989144527270014;-0.04726824635472085;1.0;0.3639887968553083;-0.8329385073339117;-0.0462435348517779;0.1955146403966709;-0.23996741193107396;0.22580055822570308;-0.28258422493137203;0.1150997537577263;-0.28793259660715237;0.1676939358539848;-0.2014265343749066;0.051171033757627576;-0.1847445419151205;0.12909005193565581;-0.16842905981224857;0.05937494852238164;-0.07736497496357288;0.026627984904055487;-0.14774277233229738;0.12646844895568277;-0.09534887669444836;0.09536609494799274;-0.052165748364188795;0.09094061008308185;-0.0352826876323058;0.07180417487561473;-0.026293532957206194;0.07198893703520425;-0.10463762466542181;0.14046026604736156;-0.0863667174978552;0.18641768787718532;-0.10973316125616045;0.15927189902175845;-0.14984711746129487;0.11890164701326655;-0.05704864103916775;0.07123586097580392;-0.10799113680174822;0.09468413201870167;0.9634748263139085;-0.009059115338750381;0.009645949158481376;-0.006707503719659876;0.02094902481476279;0.0006165170005542639;0.03876656167161289;0.01011668464445213;0.003650334770032762;0.023644436360238587;-0.006438259998682307;-0.010951683010495114;0.0066325305733890266;0.02447511193853558;0.005770324890831445;-0.0012011860460588678;-0.01478677618523349;0.0017085127462301616;0.0030416176151082885;0.0023754123294847844;0.01681817578826704;0.017339953360156375;0.002659701464096354;0.013355989692330978;0.018235747405130162;0.018180619557305534;-0.0013609444260079214;0.003714428172213588;-0.00830427305985621;0.0034577918101593103;-0.01723458060523507;-0.007578689997733298;-0.010396459100630062;-0.018891876172213454;-0.0022075272454213017;0.023494837145829773;0.012924014949017498;0.0029434473078894406;0.005933972676527588;0.004548214041246;0.01587469763274255;0.10433043407705019;0.09745097554386464;0.055741455762922894;0.06606753085958905;0.08795848758513557;0.08211913375575504;0.11719419004811503;0.08228239054892589;0.06761248778191406;0.09838113205621722;0.13009154703071937;0.10281456485789471;0.21639349755017695;0.7981812345496166;0.6299425169206047;0.4532319608008845
mfcc1;0.5484826928726451;0.5264647138054197;0.3955996397054144;0.5661509394651436;0.3639887968553083;1.0;-0.14633735220476912;-0.3784655381888436;0.3120609121071084;-0.336838340808908;0.19573796745933417;-0.2357729548542088;0.060076972921703775;-0.2065443570209623;0.0034620959092501874;-0.20073116755491596;-0.02629314682275022;-0.18668033224844266;-0.08908326359984452;-0.1469095739486968;-0.12915351537683242;-0.129220598542041;-0.06358011412660834;-0.14991465099358295;-0.024953661656450084;-0.08422048816454827;0.039303997923415775;-0.12108421643086867;-0.019402960285742822;-0.06404848063630444;-0.08901588344215615;-0.11893230976613632;-0.07902685513116874;-0.10731588856209993;-0.02489841584113672;0.0016129938469509788;-0.014439358118344387;-0.06889909377504884;0.04716660775840019;-0.10041729248635267;0.07133072915887746;-0.11443973582603395;-0.028835916176812148;-0.048176480403531605;0.04253598187671076;0.3698010327374358;0.013673574331566879;0.023720591507782145;-0.01684759760310333;0.015567548780606979;0.0062053841233952476;0.001243447618415474;0.007049492282725052;-0.014199727910279522;-0.0019331371523581438;-0.02417947965101955;-0.022809058982439526;-0.029384761671808965;-0.01348632006378112;-0.007389769229337667;-0.011145971321489917;-0.02389511747462441;-0.02128561625907918;-0.003925931568577747;0.0030926582603871006;0.007689379966190309;0.0052434121389810665;0.009654172008563172;0.008652468248694617;-0.006181358438856781;0.0015765741706305007;-0.0010392188394507682;-0.014009770827808974;-0.014868140249171859;-0.009199427643920993;-0.017032143961858166;-0.01725804677477024;0.0005941907570298963;-0.005483306642601388;-0.00593591601011155;-0.015059298241053577;-0.006279680046211627;0.005825015589515905;0.012315931633395215;0.007301330330245723;-0.0038248296768134244;0.09172841899467091;0.062277445484605023;0.04195489769106973;0.02856124023180727;0.02936539405174192;0.08117985330759461;0.1379076043528686;0.14893792853625895;0.1338527018863124;0.11752691499001029;0.12769175152851603;0.12660985371577715;0.18829127774279747;0.15967629451278417;0.008238052388604129;-0.10787851010743892
mfcc2;-0.600742121386788;-0.5411067141892311;0.06153788082008779;0.00025872767821772416;-0.8329385073339117;-0.14633735220476912;1.0;-0.10293912130478247;-0.0928683050990826;0.17371400022082034;-0.20148430657844943;0.19399710605402137;-0.12626140625102825;0.20810991928945285;-0.2160437566226903;0.1353403580791608;-0.12149516635438966;0.06449341971146154;-0.18826769143518743;0.07531443361658062;-0.10910832754241076;-0.010732425619033037;-0.1338127305147307;0.045705773330978326;-0.22103422151803356;-0.017384327646789936;-0.18456737115179087;-0.014681888913949443;-0.2067371580721284;-0.0304663604674258;-0.0985504966424614;-0.06339147417364621;-0.11638378504123274;0.01243686709023135;-0.21196127643574744;0.022233286233381687;-0.19753327100733523;0.007227398735253911;-0.22690932921237042;0.05988865194201914;-0.12875198358927556;-0.005351954047000442;-0.07815941705828398;-0.018783798355497126;-0.14294856225423985;-0.8097389516033088;0.06141163503539439;0.01743654083366797;0.015677771014281798;0.00035749442942969263;0.01720673857607846;-0.009260688724476728;-0.03321269428319503;-0.00041526761718634075;-0.03301668412824824;-0.01948907664108926;-0.0297325678131497;-0.030431061140344544;-0.055251800457544895;-0.022659774872903864;-0.020073382503691697;-0.011257158497283048;-0.025265822844346676;-0.006555568748206241;-0.00379049945793748;-0.012068979675339975;-0.011130011664588668;0.0025585283807630817;-0.011990350679274533;-0.004923497732766772;-0.023807962468798984;-0.005366230425082736;-0.013089119612136343;0.006576125755993591;-0.02132499277907329;0.010941266845563458;0.0023533586258729995;0.01645620664099154;0.003923298532074935;-0.0035587324415592087;-0.017436650672109217;-0.016994538581312002;-0.022233537818526137;-0.019027317400132946;-0.015742833362660913;-0.021783822607960076;-0.05288344717067947;-0.05960521734536143;-0.024074649443530934;-0.05606353394699735;-0.08400692247191766;-0.07852770758457552;-0.1266880444442586;-0.08042059567225437;-0.058447875979700234;-0.061081709548868234;-0.07467655927429864;-0.03710882802318529;-0.2057607847387289;-0.7697186033168798;-0.6754693182839259;-0.5515105874249566
mfcc3;-0.2713807030492193;-0.267510169786153;-0.09166599929356063;-0.14674987871501483;-0.0462435348517779;-0.3784655381888436;-0.10293912130478247;1.0;-0.06612444681144752;0.42032411261438846;0.1630554008431196;0.20654317768322342;0.1091801424647567;0.06777258536251737;0.2661078356100599;0.06978676887779053;0.2355352834763155;0.01274307039787734;0.17243679670454204;0.0915839000727365;0.18352141195299734;0.05661834903334439;0.10237926294726862;0.036320272373295895;0.09439246505678328;-0.021440816250278598;0.036671678494176324;0.005310456533474695;0.03683517162676664;0.0010637921350441135;0.1203388022841554;0.13490208075477453;0.05865222847416462;0.019390101149190448;0.11745155300004813;-0.07945763199803757;0.19209629885400697;0.005704772853605942;0.051726076146502716;-0.0303504612069102;0.08645578816959427;0.1076639162999456;0.07466474945768069;0.02528695927987731;-0.03523725597870958;0.028880886165718;-0.027694604450838038;-0.015550233775617085;0.038207469239605676;-0.004600781217963652;-0.0021634373627636956;0.0009778177020881313;-0.0060292328022301025;0.0013780194260687984;-0.0025526806690280425;-0.004822649057659357;0.006968657066570219;0.015053441922097347;-0.000517238790214626;0.02028195713517049;-0.0029975037253239193;-0.0015642091413804729;-0.0007054344906147011;-0.00601489511379855;0.001691848023016805;0.006642356236767702;0.024245391461021525;-0.007897285439543726;-0.0038849399709077826;0.0050222270708622915;-0.012992831411663375;-0.011684195634477753;0.008326751694771147;-0.005796536414185801;-0.012238593838506031;0.0062859990455148935;0.013275396917458437;-0.00982014498786127;-0.013977309338358508;-0.00033445714616058545;0.019445016979660338;0.022378371530840584;0.014477402795658775;-0.012883428411337876;0.0019166302112182559;0.010247870650870627;0.16933489138694727;0.17049738900050046;0.14846601057730363;0.1957386062070494;0.1932467720897704;0.1594033451744021;0.12471119147418695;0.1324643392576999;0.15374647544958187;0.20981730634877155;0.2038229459843122;0.15392105821900656;-0.08373121838976093;0.34309562617974915;0.4858129459297133;0.5659366057554498
mfcc4;0.1890256439096817;0.19335378093905384;0.010626788173517523;-0.02872716437808287;0.1955146403966709;0.3120609121071084;-0.0928683050990826;-0.06612444681144752;1.0;0.021601108959762784;0.5151222965932323;0.06624671318627358;0.22934276647364096;-0.0334234404419423;0.19877645312728193;0.03336778822195221;0.03753301029256424;-0.0167291833887783;0.020851491668271337;-0.014018669951619196;0.04917795950727814;0.006143382622311575;-0.05773080780823714;-0.03634554144743057;-0.06311743346751719;-0.001723222931900476;-0.06921977617836497;0.04809679740706177;-0.0027380253444232953;0.06893795406332731;0.0014412104394168122;0.06160240030318134;0.0665538772250108;-0.011116177930582543;0.05160564589955138;0.024263761566763544;0.053817085305242186;-0.04835070130686093;0.030233304422571085;-0.054830895606388985;-0.0167488399273891;-0.0634082209723749;0.018014954826349825;-0.04109274829287386;-0.018468356176686622;0.2549167553794755;0.01649725155710254;0.004706015297315995;-0.017447739287622346;0.04727627969923673;0.033220046986752266;0.062453115867353234;-0.0034495815363676263;-0.009950280969484394;-0.0159315086947091;-0.02449877424432923;-0.037604069029632405;-0.02640636319391329;0.00036748784730359355;-0.029500737809353007;-0.008514479485053945;-0.022349259785946197;-0.023613964925627937;-0.008215242872172707;0.02186957192500703;0.01646725507207566;0.012457116672905447;-0.0025255336868953773;0.011340219690640288;0.018799211597411047;0.007940329163407396;-0.006518394534018367;-0.004798993499776;0.003232392864666836;-0.0011708158184120156;0.0005711736639349001;0.0054464533350836505;0.006448737108044864;0.010982562512015523;0.019685247306309762;-0.00865645786472513;0.00493257153270869;-0.005921547294752946;0.011419931215808176;-0.004447393990503753;-0.0034551748577898505;0.28960560841571764;0.2806728538424294;0.2773137020154641;0.29277780833016837;0.31089472195026174;0.3316856816749204;0.3398502630573234;0.34613542384560264;0.31508084340267245;0.3075839232010324;0.28798385433554397;0.2701371815105379;0.09653344558961374;0.19807259467764993;0.10368887561602934;0.02840232848975542
mfcc5;-0.30445849081052084;-0.2904432368377287;-0.012410848273443164;-0.10279956435299281;-0.23996741193107396;-0.336838340808908;0.17371400022082034;0.42032411261438846;0.021601108959762784;1.0;-0.012502648580819918;0.3636037268590793;0.15063438433167103;0.18622489371564446;0.1809828156200383;0.14859621322148778;0.22684274154637285;0.11801646145801761;0.15021025178320083;0.1351762753416363;0.22791662033601345;0.08459481354747148;0.07248592330675746;0.057406527896507506;0.1469741624342896;0.019777849562878213;0.01915940044602485;0.08887779288132773;0.05812395920394428;0.055204368066744426;0.160082558456663;0.10173371277288966;0.09994498536038718;0.11740536792245296;0.043979318061541636;-0.008352751594614778;0.10090895294279936;0.0399454638919499;-0.01587364519484957;0.030500151966418285;-0.03790226314744299;0.05619981084034999;0.0005654784402729813;0.02927817488083261;-0.022225067451507534;-0.21992197030886268;-0.012631817877285081;-0.02701295138384294;0.02143577071296419;0.009395779375328714;0.02213205996314044;0.050867596713835235;0.005456840594154935;-0.021731284666778806;-0.02295503736071409;-0.0006149434293191314;-0.01901030023646284;0.004809676249834613;0.015695707621623235;-0.027966946346431605;-0.003633767457166103;-0.026582629414037627;-0.0279258279092666;-0.0017256753287546065;0.006722641721999073;0.01016925432153286;-0.017531492407551048;-0.0029224836900344415;-0.012824616216447237;-0.009611101064604097;0.003479161317315155;0.003463619638342344;0.008421943688589048;-0.0064697652653381505;-0.010444163997204358;0.017704390040351497;0.018346076330611003;-0.002650712512167055;0.001408906498001532;0.001104208000416594;-0.02173462448030751;0.0005847476168169968;0.012779594994690079;-0.011314347078678996;-0.009539051414470782;0.006869132793700439;0.1545730642058112;0.12972487701570454;0.14697304774317432;0.20110564393242375;0.20034829754231856;0.16165314468380737;0.15402589239471398;0.14136269899509235;0.12604428705730006;0.13605456187980222;0.1124664010772397;0.1253907790328003;-0.050549683834881454;-0.06511774063575093;0.03361591221138495;0.11206735804214292
mfcc6;0.16468440221479266;0.16469348830301403;-0.13571527828340685;-0.1377288492691676;0.22580055822570308;0.19573796745933417;-0.20148430657844943;0.1630554008431196;0.5151222965932323;-0.012502648580819918;1.0;-0.023836825384453093;0.4293645075847926;0.060745088832496144;0.3462960124142497;0.1459300682350641;0.22386067730668546;0.08354315583484603;0.15936722590116087;0.09055798768983936;0.07300852814387708;0.07834689405388398;0.05651780513753458;0.08907141517261263;-0.003637373908353357;0.0829060334869934;0.05300374658334191;0.013306219547602218;0.035154250340328944;0.0945821286359831;0.05033603201735882;0.15195972905247582;0.08326610790983228;0.039804378188745285;0.12059582093685042;0.03056151125386071;0.10682259286277666;-0.04210363215630007;0.11990853030920538;-0.06604549477262454;0.08405609570098264;0.0002939612569472398;0.06304190874647675;-0.0396752311835852;0.06697240536350335;0.2748897500613599;-0.013913289596263943;0.009365225864539422;0.024551603483296238;0.068471755970331;0.05429714887384344;0.07837261783953559;0.03170840369999562;0.003716793251580683;0.009548376990943812;0.008958213580663692;0.008744341957419183;0.0018262615173084888;0.005004176254655459;-0.004034913766929702;0.023874048120780388;-0.008461319304839695;-0.012341429784924893;-0.024081894104147333;-0.001272956958218875;0.005084406911983212;0.014224538213287303;-0.0015545982426211737;0.006710876184432369;-0.004168471200625409;0.004356919841939333;-0.01506639311338122;-0.005442532049536036;-0.0030216538095308963;-0.016385844671299814;-0.005776699670604423;-0.02514365978708387;-0.01841177857916665;-0.01444871389170103;0.009014385902494414;0.0012986615568136048;-0.009950517944086166;0.0017817067172674287;0.01032621592442892;0.0009847895069937966;-0.007965134694348244;0.29455335545154593;0.2875077498841278;0.30008704452590534;0.3423644384536352;0.330894661913099;0.3386779801860087;0.3061657545066702;0.29491814531138416;0.3330203869468924;0.34374846573505247;0.3092245541757702;0.281063153700127;0.021378956439277487;0.3332722067764842;0.2963170065178323;0.24048135481628405
mfcc7;-0.3056762136899282;-0.26349168465578127;0.10485368155332092;0.013605319747778488;-0.28258422493137203;-0.2357729548542088;0.19399710605402137;0.20654317768322342;0.06624671318627358;0.3636037268590793;-0.023836825384453093;1.0;0.09888131178476624;0.4190199152649386;0.27892703822908704;0.2516663547799126;0.20755675544133642;0.34190290181395916;0.2604828707405683;0.11896048260496721;0.19930818192950409;0.11543299393199084;0.2317726293385433;0.05306561009243344;0.09451468906547508;0.0976468855249914;0.0272080720780603;0.03252273694001923;0.08174831576442762;0.03579644793497905;0.1351478036683638;0.07800598385397395;0.0966979596633471;0.09151628902438635;0.07532969512680904;0.19438405643931156;-0.03214310270022608;0.1352147717767477;-0.040311841867639475;0.06857937105338227;0.038300605993090514;0.0186155392434945;-0.02110832178190349;0.0032458460667852836;-0.09575062614414613;-0.2551537242129383;-0.010173973020999375;-0.03587910533278741;-0.014325492584218167;-0.0008702058703743516;0.024710009950338764;0.01831088079794012;0.006226521854532429;-0.008919796231472916;-0.004469835732178244;-0.010336182724892819;-0.012268244620160743;-0.00023631120338716085;-0.008158066985169235;-0.02232508540842818;0.013009240271952828;-0.00035815799153778434;-0.014645627359304672;-0.008664927571607436;0.010029133364072677;0.005921695650110488;0.0010563653437867951;0.030654703906957004;0.0015907840753090214;0.017070553454841632;0.00651617656182827;0.017903909277913167;0.007005451302971771;-0.000891231906928879;0.0015347002238653754;0.040220460312160373;0.002582438135828728;-0.007615505388365166;0.006067495833471087;0.0055346819970089325;0.002001569468151753;-0.003590532322702795;-0.01719005298957511;-0.02497578203113912;-0.01185009022073034;0.0029458290380952475;0.1547321197557533;0.1863704262059159;0.22187521897331827;0.21970679641314;0.189004106915561;0.180261480960735;0.1427517146361583;0.11811127654709057;0.06253428259552296;0.07222299688947535;0.07453294134918104;0.07804377596062768;0.026573968686442913;-0.15786917175474668;-0.07543649200146481;0.00760593408053578
mfcc8;0.08976844897615086;0.10257185544189375;-0.1336003653900733;-0.13599247530173958;0.1150997537577263;0.060076972921703775;-0.12626140625102825;0.1091801424647567;0.22934276647364096;0.15063438433167103;0.4293645075847926;0.09888131178476624;1.0;0.17403320360161245;0.4540472472560527;0.21229742730520446;0.36650783023989314;0.17730409547756526;0.22215486916344715;0.15156041877662005;-0.015365224501445597;0.20235404439007645;0.09181724468008043;0.09370231791961481;0.11795886953341872;0.06654358540724761;0.08166173900724383;0.11691959417552283;0.10794980813399103;0.16650963158187967;0.026566192929743295;0.10061003946967005;0.013967160847754186;0.03056481640900497;0.12778113572836983;-0.08079056131151427;0.1551311904121741;-0.08891706368119294;0.12650315543258872;-0.049344467953675;0.03007379721964896;-0.03283848638785381;-0.01182443543862966;-0.030251025339010775;0.01876402634990228;0.13363613132013202;0.007576845398114138;-0.002361247335196911;0.01507566605116913;0.04028542856351609;0.04494905663703597;0.09059915816985387;0.013636358512927521;-0.009178087910290594;0.002236576549788812;0.015372228824379495;-0.01716118923881795;-0.006752901531297158;-0.011966489054798612;-0.013988270539736386;0.0075989470900935255;-0.032239842324813105;-0.046194759555321964;-0.01940763290996677;0.016820532156972;0.005906923836804265;0.013959519360223398;0.03229955803770648;0.025831834323382527;0.005828946968261378;0.013453873145392248;-0.004574290618756452;-0.01719931116938689;0.0018549666108499487;-0.004140039875486885;0.027005984645324135;-0.0005304278494155517;-0.014691505019033171;0.0005093171804005051;0.04027159958072339;-0.018334321662732148;-0.02397826068458106;-0.0039592823942985935;0.004519409703161739;-0.0136638607787722;-0.0019514075056736055;0.13622450368693179;0.15988090410226388;0.1675030134060388;0.19967426374969277;0.23550676248097158;0.24213353144967492;0.23201687730053855;0.21798937054358875;0.18067799628681852;0.13569231520332772;0.11525328440794319;0.12984818963689634;0.0868736553663066;0.17996871109286705;0.17760318724224958;0.1622562944090462
mfcc9;-0.2508195935091291;-0.22878079453977246;-0.03096716863178479;-0.002881613089764986;-0.28793259660715237;-0.2065443570209623;0.20810991928945285;0.06777258536251737;-0.0334234404419423;0.18622489371564446;0.060745088832496144;0.4190199152649386;0.17403320360161245;1.0;0.08855467425924675;0.42124595716557994;0.2118128957984536;0.3604262902448429;0.2247923460313985;0.14527080917511764;0.18526605122050946;0.07627411249417297;0.18536606761325153;0.14711350336795587;0.03939249216861349;0.11668776571462397;0.11194482873444082;0.06935484860436524;0.12129343278961134;0.10535551396736648;0.12788302786274522;0.003630501584109901;0.09101326982602963;0.10240068322173843;-0.0025279167964325435;0.15032022869237074;-0.0590646726398525;0.17225891105439115;-0.06669210414917012;0.13355736558407397;-0.0039931316825686115;0.01798565333296445;-0.015413017322743135;0.055469457597027726;0.018615714025495674;-0.281870730157244;-0.03004577381828782;-0.013126937788253492;-0.0017564775955962628;-0.02101744405954359;0.01686185899992896;0.019839449880726945;0.024981242116890203;-0.018010109129405507;0.0179744560344338;0.0026696161518904426;-0.0023806317429516783;-0.0004566606383353718;0.0018008947654069654;-0.015537346859065387;0.01632073505822315;-0.001278139083016701;-0.04035540188166698;-0.0038513316206548716;0.028382844897224473;0.015444103988499016;-0.016067166372435278;0.01883407718418079;0.01942005730227941;0.012503969121677979;0.010553446304669957;0.012075912345955148;0.010079959116988741;0.01486789023237185;0.015494579094267808;0.008694332649235982;0.009453645921880367;0.004244193883735132;0.03072034817726976;0.021719928221296446;-0.021200832842864736;-2.9684608886485935e-05;0.026137268478761713;-0.0046749545454908585;-0.0005708932506631426;0.0077651168231122015;0.0644913306258;0.08465269382590693;0.10112067117131378;0.13169414552769382;0.09504385217011287;0.07669443994971839;0.05584256747118865;0.023588604843846443;-0.0017600839710766513;-0.0018926032372632842;-0.014084456847235334;0.012493458988313833;-0.03792922106737478;-0.2371331458677234;-0.18142335401938625;-0.12181615217258646
mfcc10;0.044811872379886805;0.04780341409950958;-0.03282043561113486;-0.09307679339391522;0.1676939358539848;0.0034620959092501874;-0.2160437566226903;0.2661078356100599;0.19877645312728193;0.1809828156200383;0.3462960124142497;0.27892703822908704;0.4540472472560527;0.08855467425924675;1.0;0.10046734731847161;0.42074289565170864;0.17075824174214838;0.2925982302376021;0.29055647276473284;0.1438382884845697;0.21861953156067845;0.17165977124837997;0.07365373472750585;0.1793371091964085;0.11005642227079895;0.14604839331379976;0.09804232917728307;0.15685765340826;0.14016958149771694;0.18310937569133107;0.21829508465318392;0.11305450045719656;0.06951671078340076;0.2175409526921719;0.03386487363023246;0.21108467281155335;-0.016635197074481637;0.13240979291352492;-0.043498835618287275;0.16074296378274353;0.06348649576976481;0.06925357463830357;0.006986705130247769;7.025590465082133e-05;0.20378903790948555;0.0038728945822124423;-0.001414078974906978;-0.010648810405262388;0.01984895846413819;0.013602200684512651;0.0488403284944031;0.01089325284794828;0.00798549589104966;0.01796147261485516;0.021483916496697602;-0.00715155818310017;0.0064690139409651955;-0.018460668575550593;-0.034145376719130115;0.014989320967363277;-0.007007634144015338;-0.02082177684781581;-0.00517701059968189;0.028020974639618477;0.015316712288241345;0.0157616505897318;0.04379135887397096;0.026583254381295076;0.01037524466895396;0.021554629323631853;-0.003586344958824317;-0.011282895157414558;-0.015003582145876077;-0.010778624183596583;0.010687546564542403;-0.008782056812606735;-0.002546686482357288;0.0043804950403327205;0.02688993847036462;0.0018196657862974961;-0.005643435744839262;0.0009747686750951752;-0.0025434205248669596;0.011843289980104685;0.01708307283981199;0.2675249407665287;0.3084066315988301;0.3187185684321647;0.3327457676721953;0.32367716299801613;0.32179707128817353;0.2942481462824527;0.26874364794310635;0.2580188660042685;0.27635543440520105;0.25416675003085953;0.231796272236423;0.09127780649653737;0.31761716619948055;0.33475273984925624;0.3283642590889366
mfcc11;-0.21465164231538575;-0.177174555875865;-0.13393533109772388;-0.10339574794851546;-0.2014265343749066;-0.20073116755491596;0.1353403580791608;0.06978676887779053;0.03336778822195221;0.14859621322148778;0.1459300682350641;0.2516663547799126;0.21229742730520446;0.42124595716557994;0.10046734731847161;1.0;0.08658434390251558;0.3682596813383198;0.2759958520718703;0.24082043514600443;0.23946884546388844;0.19656394782518513;0.2085007445290824;0.2254375662657995;0.07226250757332635;0.14928796068539882;0.09861067519132513;0.11915593090234194;0.09339406580233452;0.131358255422243;0.2046086201329419;0.10609214942275666;0.15423488422090442;0.16289761881729992;0.10775514982015297;0.246058049803795;0.03694665853889056;0.16718637960724853;-0.017422629531269242;0.20723586930109222;0.03790806599840607;0.1251868574609068;0.08297460919000461;0.03486970646645912;0.023206718618940032;-0.1780051525083249;-0.008304150556616294;-0.0012470423115885413;0.0024275620651982165;0.003225204558542647;0.003745673145498981;0.011880335989074635;-0.009109548784562042;-0.022091256736996332;-0.008674964660686253;0.004377739188593309;0.00675809523568517;-0.003452759928230933;-0.0028786093959473247;-0.011830076980861694;0.009916779537682623;-0.0032266662547704326;-0.02092732730682912;0.0014450744645438777;-0.005262926730305238;-0.007919049825313537;0.001243873017056917;0.0326391023470146;0.01739480126886797;0.019809399501372407;0.004135112202021902;0.015573622259879075;-0.0002766667988004605;0.01543928239877076;0.002205499936883389;0.018790885302515718;0.004724541171228767;-0.006421949908521845;-0.0005700999467342388;0.024216204716800083;0.030552227821484437;0.012902646931354112;-0.006934282811198237;-0.017334811887787547;-0.018162198278858517;-0.010142835234080138;0.1545158570035245;0.15616350581614322;0.1553243306293382;0.1694061617150378;0.12887168816602118;0.09530832689685023;0.05441127888093564;0.08791190315993833;0.12246579522296572;0.16823269482740574;0.13329474504050043;0.12562791501162818;-0.15368929466506284;-0.12243664633513525;-0.09116303962790265;-0.06399736283972447
mfcc12;-0.01813700725519053;-0.02439585997445752;-0.013954616196372236;-0.029718752719142358;0.051171033757627576;-0.02629314682275022;-0.12149516635438966;0.2355352834763155;0.03753301029256424;0.22684274154637285;0.22386067730668546;0.20755675544133642;0.36650783023989314;0.2118128957984536;0.42074289565170864;0.08658434390251558;1.0;0.22065248798951534;0.3474101573282412;0.25127740195491466;0.15498362696630816;0.1957767986939429;0.1587445104334225;0.09005460287567402;0.11350273267391409;0.09680089907915818;0.12777463016930435;0.16777199216873515;0.202293655195613;0.17744690434653632;0.07676624890100271;0.13160351427284747;0.12201490401652228;0.07722095123655418;0.18064638678962458;-0.04426460441177754;0.1418322076047955;0.014674891785102279;0.11398059863064657;-0.051238414097012776;0.09278664142857235;-0.0028692350486128164;0.011264314981597127;0.04736000736918822;0.01737001520643478;0.07396199974158228;-0.007260166547866336;-0.005183051991663483;-0.005467313880093379;0.0010021477104333125;-0.005740850864467058;0.026041246237002033;-0.0029618751349689493;4.2002615235800336e-05;-0.001302598273286482;0.004679278909176033;0.006678598232788843;0.037956783411876124;0.02496206848026149;-0.005992195864903785;0.022360059899097295;-0.002994288312018154;-0.013066850764035833;-0.0023525445852430036;0.009057754089450988;0.007499177945679205;-0.014767115317085478;-0.009988482937015134;0.010276305747904672;0.01389193144428094;0.028985309947366655;0.005550268804155897;-0.012605881466718524;-0.007171644686886933;-0.008225912140671303;0.0077243090284670815;0.01273920291006696;0.011664956173928393;0.01499319363556366;0.024188428044044207;0.003829846419440861;0.0197516051436259;0.009111808292514354;-0.008612697830761322;-0.01047870056480511;0.0004140855413212273;0.11085778908274532;0.13206535643099937;0.1667561109284693;0.2051883578312874;0.26501590738376046;0.3054175886170984;0.3441733753114915;0.33772648598972976;0.29277948977066964;0.21109801190257255;0.12968217866894874;0.11550251624526697;0.08013029151716532;0.16840336528664235;0.20184400467600672;0.21473632596271605
mfcc13;-0.20289109761075927;-0.175874379716485;0.06418282704454573;0.03961765424043177;-0.1847445419151205;-0.18668033224844266;0.06449341971146154;0.01274307039787734;-0.0167291833887783;0.11801646145801761;0.08354315583484603;0.34190290181395916;0.17730409547756526;0.3604262902448429;0.17075824174214838;0.3682596813383198;0.22065248798951534;1.0;0.2625819307483411;0.32913282899632584;0.19063379692524227;0.22559089651252842;0.2639451022669514;0.20499829513648657;0.1387498055601747;0.17863680764280696;0.10789506478163874;0.1312979209363817;0.1534618310872653;0.18061965268042912;0.17631877347292205;0.15425360632582716;0.12506085315013396;0.17548703736941582;0.03725094529157548;0.191163208387301;0.051897602002453865;0.16364493883375575;-0.032193607666442726;0.15495014286561148;-0.03279522014659766;0.11647592186459312;0.026233772483843294;0.06879508327556025;-0.009667548063560353;-0.18374900241487713;0.008197047671275763;-0.010928105416455914;-0.012630989261451927;-0.0332193785699269;-0.01843432734469471;0.001737310089028062;-0.014783339892756353;-0.01965371296548216;-0.015376743404366759;0.011655245161177427;0.01884663961438258;0.034448464633170216;0.03384174274124373;-0.002116060438873784;0.005569718777957572;0.024883292019917572;0.01405375713425863;0.014230944573095282;0.009113258120712134;-0.005246521451169239;-0.02582050787143827;-0.018859340560136648;-0.023256711535757077;-0.002968718072857762;0.014353006481209242;0.017986598836067444;0.004903848372441955;0.0026083779065874993;0.0020592393463275457;0.037533825618948045;0.033794678547380996;0.013664192222801214;0.010765088258878928;0.02265817788218698;0.02480828770122613;0.014538447034563461;-0.020142692358269685;-0.026738231833273427;-0.027885539470771537;-0.006885416614420823;-0.09305080163332019;-0.008264631317771236;0.07730740549246455;0.14816319956713295;0.16858980102739368;0.13806238827077463;0.11955582472810439;0.06369515481718328;-0.020291958802471446;-0.08542813510904253;-0.1477257135800753;-0.15765172059187924;0.06780732009452266;-0.15134557775004348;-0.11964509809317785;-0.0870845564253657
